750
530 
450 
914 
631 689 
531 
568 835 
151 410 
575 
908 
799 
532 
671 
110 
906 
720 834 
295 625 
430 
16 
578 841 
541 
555 
923 
142 
398 705 
499 
354 
487 795 
216 
3 
652 
907 
663 
180 454 
158 422 
381 
690 
56 
182 455 
886 
366 686 
644 
466 760 
302 
913 
728 
121 
707 
0 8 
34 
515 
651 737 
588 
614 
590 929 
476 528 
942 
364 
478 534 
76 130 
642 
605 
640 
898 910 
148 
17 
495 796 
959 
577 894 
42 
175 481 
673 920 
104 304 
360 
184 
418 721 
976 
254 
163 461 
791 
74 
488 
400 
310 350 
69 256 
564 833 
922 
979 980 
785 
358 
550 
390 701 
427 740 
983 
7 
385 405 
168 470 
654 
395 703 
771 
650 
185 482 
356 
778 
178 
39 
116 386 
772 
399 714 
854 
931 
349 
948 
197 
608 956 
573 885 
423 
712 
306 336 
332 
624 681 
173 475 
831 
33 
235 
828 919 
692 
901 928 
194 
523 801 
78 
682 
30 94 
100 
809 
954 
193 
730 
865 
480 
896 
567 
603 664 
363 675 
215 297 
925 
798 871 
314 
734 
582 872 
483 
933 
119 392 
431 
823 
545 856 
288 619 
683 973 
815 
214 285 
623 
159 
629 
113 
926 
593 
273 615 
628 695 
548 861 
830 
50 
676 943 
533 
59 153 
62 
266 571 
477 
680 
465 770 
53 101 
83 
106 
312 
11 
176 
558 825 
299 
448 
207 524 
634 988 
291 612 
497 
131 409 
467 
124 401 
718 
963 
107 
493 
519 
357 
845 
790 
812 
13 
172 471 
362 
274 
268 
19 
217 
1 
512 794 
667 
260 
904 981 
684 952 
342 
767 
939 
68 243 
938 
781 965 
641 
301 
44 169 
280 617 
506 
250 443 
546 
535 846 
883 934 
145 
748 
129 408 
557 
41 
766 
677 
189 
970 
646 
115 307 
224 321 
212 
725 
729 
520 
749 876 
691 
851 
166 
503 814 
38 
848 
462 
122 
878 
514 
750 930 
406 
126 402 
275 
745 
722 
917 
278 
708 
245 
239 
238 388 
286 
367 
587 903 
309 
73 
300 
507 
586 891 
464 765 
899 
604 
324 373 
331 643 
353 670 
241 
165 452 
220 
639 
935 
987 
696 715 
25 
338 665 
669 
187 
233 
860 
498 808 
290 620 
429 
596 
167 
451 
489 
732 
71 72 
416 
736 
334 
859 
26 91 
738 
32 118 
161 458 
54 262 
70 
630 977 
432 726 
900 
713 
37 162 
75 
396 
576 
867 
527 837 
786 
693 
517 832 
584 
783 789 
174 
315 
719 
35 
420 
895 
975 
877 
152 438 
22 
379 
109 
599 915 
393 
638 
556 
540 
303 
87 
685 711 
192 
412 
887 
668 879 
326 
570 
966 
964 
951 
702 
743 
211 
439 
827 
85 344 
188 494 
746 
208 
566 881 
916 941 
64 155 
96 236 
731 838 
287 
308 
333 
659 805 
764 
704 
389 
839 
48 
565 
437 751 
804 
218 537 
449 474 
442 
626 
328 
337 661 
298 
496 800 
888 
425 
892 897 
57 150 
645 
945 946 
944 
863 
28 
347 
359 674 
502 
277 
140 
219 
780 
491 
921 
378 
164 
10 88 
820 
433 
747 
679 
47 242 
723 
440 
252 490 
741 
86 137 
850 
411 
787 
346 
229 
972 
637 995 
658 
181 
81 
561 
594 
117 318 
560 
955 
539 
549 
486 
294 
271 583 
453 
90 
380 
717 818 
179 
579 853 
456 
279 
829 
340 
672 
687 
2 20 
325 
316 
49 249 
597 
822 
611 
65 195 
267 
656 
213 
128 327 
508 
542 847 
727 
322 355 
460 
198 513 
985 999 
12 27 
419 735 
205 
58 105 
46 204 
793 882 
855 
157 447 
616 
417 434 
63 
807 
610 
909 940 
510 817 
536 
844 
66 200 
361 
9 
292 
694 
31 108 
293 
21 
757 
775 
666 857 
40 183 
132 
223 544 
201 
313 
45 
792 
186 
228 
473 
102 270 
569 
884 990 
261 
580 862 
589 609 
43 
95 231 
457 
978 
500 
60 
802 
18 51 
269 572 
509 
436 
253 518 
123 368 
305 
869 
23 
803 
154 
613 
602 
657 763 
843 
226 553 
296 
52 67 
755 
852 
149 
824 918 
80 133 
492 797 
111 
635 991 
89 
428 744 
143 413 
240 
79 99 
209 
468 
441 
776 
706 
29 
352 
969 
598 937 
811 
777 
875 
607 953 
660 866 
551 
120 
264 562 
203 
77 
501 813 
472 
210 
591 
248 581 
370 
160 444 
335 653 
147 394 
618 960 
435 
251 
369 
82 339 
868 927 
733 
234 371 
655 
950 
421 
320 
574 
688 
6 15 
994 
199 521 
754 
329 
14 
761 
739 
391 
700 769 
384 697 
836 
144 376 
806 911 
788 816 
710 810 
5 
890 
986 
244 407 
756 
782 967 
595 932 
989 
139 
621 
880 
773 996 
678 
246 414 
648 
282 
177 
759 958 
864 
156 424 
538 
592 
404 
258 
284 
134 415 
762 957 
281 
971 
601 947 
968 974 
135 
826 
554 
190 259 
484 547 
221 543 
998 
821 
141 
997 
387 
633 984 
171 469 
127 
191 511 
374 
311 
202 
647 
98 
936 
61 289 
463 
227 330 
632 982 
351 
230 
136 
247 
403 716 
905 
170 
874 
724 
870 
529 840 
55 263 
272 
225 
627 
742 
902 961 
842 
606 
283 
585 912 
709 774 
699 758 
636 993 
319 
377 
343 662 
779 
397 
348 
24 
93 138 
479 
446 
516 
365 382 
237 345 
125 
222 
849 
752 949 
504 
485 
698 753 
889 
276 
649 
103 
924 
552 858 
600 622 
4 
84 341 
112 
146 383 
255 
893 
317 
97 372 
232 
819 
962 
784 
36 114 
992 
768 
375 426 
92 
265 
563 873 
445 459 
526 
559 
505 
196 
206 522 
323 
257 525 
